[[[149 173 165]
  [144 168 159]
  [140 168 166]
  ...
  [179 177 193]
  [183 180 197]
  [182 179 196]]

 [[148 177 168]
  [145 174 164]
  [141 165 157]
  ...
  [180 182 197]
  [183 180 197]
  [182 179 196]]

 [[152 177 164]
  [154 179 166]
  [149 173 165]
  ...
  [180 182 197]
  [183 185 200]
  [182 184 199]]

 ...

 [[138 148 144]
  [141 151 148]
  [128 147 141]
  ...
  [109 124 119]
  [116 130 128]
  [109 123 121]]

 [[140 150 147]
  [139 149 145]
  [135 149 144]
  ...
  [ 73  88  83]
  [115 124 123]
  [109 118 117]]

 [[136 150 145]
  [134 148 143]
  [134 148 143]
  ...
  [ 70  84  79]
  [104 119 114]
  [103 118 113]]]