[[[125 118 161]
  [129 122 166]
  [124 123 157]
  ...
  [121 114  89]
  [108 127  93]
  [110 129  96]]

 [[118 121 161]
  [124 127 167]
  [115 124 155]
  ...
  [123 115  95]
  [118 123  87]
  [118 123  87]]

 [[ 97 109 146]
  [ 95 108 145]
  [107 115 149]
  ...
  [133 115  99]
  [126 119  87]
  [123 117  85]]

 ...

 [[  4   6   0]
  [  7  10   0]
  [  2   6   0]
  ...
  [ 72  78  72]
  [ 62  72  69]
  [ 53  63  59]]

 [[  8  11   0]
  [ 10  14   0]
  [ 15  17   3]
  ...
  [ 53  58  52]
  [ 56  63  47]
  [ 64  71  55]]

 [[ 15  17   7]
  [ 12  13   4]
  [  8  10   0]
  ...
  [ 53  58  52]
  [ 67  74  58]
  [ 76  83  67]]]